2602
2603
2604
2605
2606
2607
2608
2609
2610
2611
2612
2614
2615
2617
2620
2810
2813
2816
2817
2818
2819
2820
2822
2823
2824
2825
2835
2839
2840
2846
2850
7106
7110
7402
7403
7404
7405
7406
7407
7501
7502
7503
7504
7505
7601
7602
7603
7604
7801
7802
7803
7901
7902
7903
7904
8001
8002
8003
8101
8103
8104
8105
8106
8108
8109
8110
8111
8112
7408
7413
7605
7614
8401
8402
8403
8404
8405
8406
8410
8411
8412
8501
8502
8503
8504
8506
8507
8535
8536
8537
8538
8544
8545
8546
8548
9028
9032
8486
8532
8541
8542
3818
2804
8456
8443
8806
8807
8506
8507
8526
8802
8803
8805
8411
8412
8501
8503
8517
8518
8519
8520
8521
8522
8523
8524
8525
8527
8528
8529
8531
8540
8543
8544
8470
8471
8472
8473
8504
9001
8506
8507
8545
8548
3824
8504
2605
2607
2936
2937
2941
3001
3002
3003
3004
8421
3005
3006
3005
9018
9019
9020
9021
9022
9402
8417
8418
8419
8421
8901
8902
8903
8904
8905
8906
8907
8908
8411
8412
8408
8413
8481
8501
8526
8609
9014
9015
6306
8426
8407
8408
8409
8410
8411
8412
8413
8414
8416
8417
8418
8419
8423
8424
8454
8455
8456
8457
8458
8459
8460
8461
8462
8463
8466
8467
8468
8474
8477
8479
8480
8482
8483
8484
8485
8486
8487
8501
8503
8515
9001
9002
9003
9004
9005
9006
9007
9008
9009
9010
9011
9012
9013
8525
8544
8506
8507
8479
8501
8537
8543
9032
8471
8517
9002
8525
8526
8504
8407
8412
8806
8467
2801
2802
2803
2804
2805
2806
2807
2808
2809
2810
2811
2812
2813
2814
2815
2816
2817
2818
2819
2820
2821
2822
2823
2824
2825
2826
2827
2828
2829
2830
2831
2832
2833
2834
2835
2836
2837
2838
2839
2840
2841
2842
2843
2844
2845
2846
2847
2848
2849
2850
2851
2852
2853
2901
2902
2903
2904
2905
2906
2907
2908
2909
2910
2911
2912
2913
2914
2915
2916
2917
2918
2919
2920
2921
2922
2923
2924
2925
2926
2927
2928
2929
2930
2931
2932
2933
2934
2935
2936
2937
2938
2939
2940
2942
3601
3602
3603
3604
3605
3606
9301
9302
9303
9304
9305
9306
3814
3818
3823
3824
3825
3826
3827
3901
3902
3903
3904
3905
3906
3907
3908
3909
3910
3911
3912
